[array([[-0.22393072],
       [-0.18177229],
       [ 0.60984675]]), array([[-0.21782468],
       [-0.17487765],
       [ 0.60517666]]), array([[-0.21116357],
       [-0.16708974],
       [ 0.59737536]]), array([[-0.20461635],
       [-0.15974142],
       [ 0.58702051]]), array([[-0.19889445],
       [-0.15395778],
       [ 0.57393267]]), array([[-0.19345548],
       [-0.15043471],
       [ 0.55931191]]), array([[-0.18766298],
       [-0.14905358],
       [ 0.54467183]]), array([[-0.18248811],
       [-0.14970975],
       [ 0.53093333]]), array([[-0.17841423],
       [-0.15177508],
       [ 0.51814181]]), array([[-0.17616826],
       [-0.15412567],
       [ 0.50844656]]), array([[-0.17567849],
       [-0.15616942],
       [ 0.49958883]]), array([[-0.17585882],
       [-0.15759907],
       [ 0.49064497]]), array([[-0.17526087],
       [-0.15921872],
       [ 0.48115692]]), array([[-0.17443443],
       [-0.16097107],
       [ 0.47264396]]), array([[-0.17391732],
       [-0.16324673],
       [ 0.46722206]]), array([[-0.17482937],
       [-0.16650927],
       [ 0.46714139]]), array([[-0.17711947],
       [-0.17056877],
       [ 0.47327144]]), array([[-0.17986964],
       [-0.17576904],
       [ 0.48590717]]), array([[-0.1832392 ],
       [-0.18141057],
       [ 0.50412249]]), array([[-0.18790539],
       [-0.1870905 ],
       [ 0.52678157]]), array([[-0.19439264],
       [-0.19304325],
       [ 0.55344439]]), array([[-0.20313049],
       [-0.1988191 ],
       [ 0.58535518]]), array([[-0.21378844],
       [-0.20434053],
       [ 0.62262813]]), array([[-0.22577352],
       [-0.20994893],
       [ 0.66463042]]), array([[-0.23882075],
       [-0.21668427],
       [ 0.71103819]]), array([[-0.25292334],
       [-0.22454024],
       [ 0.7603837 ]]), array([[-0.26737992],
       [-0.23272032],
       [ 0.81112756]]), array([[-0.2821576 ],
       [-0.24234909],
       [ 0.86382417]]), array([[-0.29674387],
       [-0.25349319],
       [ 0.91463848]]), array([[-0.31171512],
       [-0.26493748],
       [ 0.96317265]]), array([[-0.32737763],
       [-0.27694323],
       [ 1.00753588]]), array([[-0.34308943],
       [-0.28875224],
       [ 1.04777207]]), array([[-0.35875706],
       [-0.30078096],
       [ 1.08533123]]), array([[-0.37418566],
       [-0.3129375 ],
       [ 1.12038643]]), array([[-0.39047048],
       [-0.32510013],
       [ 1.15401791]]), array([[-0.40785245],
       [-0.33577875],
       [ 1.18578278]]), array([[-0.42641989],
       [-0.34520799],
       [ 1.21577354]]), array([[-0.44651401],
       [-0.35437216],
       [ 1.24541611]]), array([[-0.46735633],
       [-0.36562491],
       [ 1.27480557]]), array([[-0.49003153],
       [-0.37755624],
       [ 1.30233078]]), array([[-0.51458522],
       [-0.39052484],
       [ 1.32749948]]), array([[-0.54032778],
       [-0.4040834 ],
       [ 1.34972974]]), array([[-0.56788782],
       [-0.41917149],
       [ 1.37316553]]), array([[-0.59761484],
       [-0.43575619],
       [ 1.39943094]]), array([[-0.62734602],
       [-0.45068943],
       [ 1.42272123]]), array([[-0.65561344],
       [-0.46303841],
       [ 1.44095111]]), array([[-0.68177479],
       [-0.47386114],
       [ 1.45511802]]), array([[-0.70570865],
       [-0.48357887],
       [ 1.46550052]]), array([[-0.72801582],
       [-0.49247478],
       [ 1.47328902]]), array([[-0.74960048],
       [-0.49901144],
       [ 1.4783306 ]]), array([[-0.77109536],
       [-0.50156722],
       [ 1.4814157 ]]), array([[-0.79308455],
       [-0.50072741],
       [ 1.48300365]]), array([[-0.81428668],
       [-0.49718338],
       [ 1.48602866]]), array([[-0.83303326],
       [-0.49396915],
       [ 1.49117442]]), array([[-0.8624597 ],
       [-0.39363156],
       [ 1.57469837]]), array([[-0.85944982],
       [-0.36386117],
       [ 1.59132859]]), array([[-0.85626739],
       [-0.33155853],
       [ 1.60623562]]), array([[-0.85312796],
       [-0.29790001],
       [ 1.61982652]]), array([[-0.84965406],
       [-0.26315171],
       [ 1.63284775]]), array([[-0.84548463],
       [-0.22923385],
       [ 1.64495682]]), array([[-0.84106766],
       [-0.19627342],
       [ 1.65385465]]), array([[-0.83626734],
       [-0.16527843],
       [ 1.65981318]]), array([[-0.83093686],
       [-0.13717198],
       [ 1.66544675]]), array([[-0.82569358],
       [-0.11075901],
       [ 1.67532535]]), array([[-0.82041506],
       [-0.08418208],
       [ 1.68495474]]), array([[-0.81389452],
       [-0.0586502 ],
       [ 1.69160429]]), array([[-0.80550316],
       [-0.03373807],
       [ 1.69664079]]), array([[-0.79560363],
       [-0.00945323],
       [ 1.70104464]]), array([[-0.7852629 ],
       [ 0.0135373 ],
       [ 1.70585563]]), array([[-0.77614176],
       [ 0.03435102],
       [ 1.70964098]]), array([[-0.76863048],
       [ 0.05419717],
       [ 1.7121384 ]]), array([[-0.76198261],
       [ 0.07262352],
       [ 1.71220534]]), array([[-0.75593766],
       [ 0.09068495],
       [ 1.71000517]]), array([[-0.75030236],
       [ 0.10878835],
       [ 1.70524208]]), array([[-0.74581592],
       [ 0.12603642],
       [ 1.69989456]]), array([[-0.74210893],
       [ 0.14145951],
       [ 1.69426487]]), array([[-0.73891056],
       [ 0.15210679],
       [ 1.69047282]]), array([[-0.73716761],
       [ 0.15894122],
       [ 1.68796499]]), array([[-0.73523975],
       [ 0.16166658],
       [ 1.68731898]]), array([[-0.73034577],
       [ 0.15999881],
       [ 1.68839247]]), array([[-0.72144636],
       [ 0.15457415],
       [ 1.69154249]]), array([[-0.70845787],
       [ 0.14569084],
       [ 1.69782429]]), array([[-0.69208491],
       [ 0.13536349],
       [ 1.70643158]]), array([[-0.67251109],
       [ 0.12346836],
       [ 1.71705456]]), array([[-0.65013196],
       [ 0.11110924],
       [ 1.72934169]]), array([[-0.62501785],
       [ 0.09815717],
       [ 1.743392  ]]), array([[-0.59883561],
       [ 0.08518777],
       [ 1.75945614]]), array([[-0.5720825 ],
       [ 0.07244119],
       [ 1.7754599 ]]), array([[-0.54530301],
       [ 0.06052903],
       [ 1.79059754]]), array([[-0.51784184],
       [ 0.04997374],
       [ 1.80398815]]), array([[-0.46672506],
       [ 0.0321691 ],
       [ 1.71520365]]), array([[-0.43709973],
       [ 0.02489055],
       [ 1.72408901]]), array([[-0.40555549],
       [ 0.01770499],
       [ 1.73086852]]), array([[-0.37278759],
       [ 0.00976239],
       [ 1.73625271]]), array([[-3.39453351e-01],
       [ 1.61371016e-03],
       [ 1.74070608e+00]]), array([[-0.30613688],
       [-0.00568135],
       [ 1.74456077]]), array([[-0.27264006],
       [-0.01117363],
       [ 1.7483137 ]]), array([[-0.23818015],
       [-0.01539756],
       [ 1.75328068]]), array([[-0.20219709],
       [-0.01771544],
       [ 1.7589954 ]]), array([[-0.16469149],
       [-0.01790727],
       [ 1.76555226]]), array([[-0.12492607],
       [-0.01692791],
       [ 1.77170973]]), array([[-0.08332209],
       [-0.01501844],
       [ 1.77637346]]), array([[-0.04127081],
       [-0.01263104],
       [ 1.7802215 ]]), array([[-1.35173779e-03],
       [-1.25250953e-02],
       [ 1.78648985e+00]]), array([[ 0.0357557 ],
       [-0.01920062],
       [ 1.79484662]]), array([[ 0.07347091],
       [-0.03950579],
       [ 1.80332909]]), array([[ 0.11108462],
       [-0.06885244],
       [ 1.80934792]]), array([[ 0.14743108],
       [-0.0997602 ],
       [ 1.80725479]]), array([[ 0.18406421],
       [-0.12938501],
       [ 1.78936753]]), array([[ 0.22384815],
       [-0.15612957],
       [ 1.76466189]]), array([[ 0.26461612],
       [-0.18349678],
       [ 1.74870165]]), array([[ 0.30286108],
       [-0.21398013],
       [ 1.74398086]]), array([[ 0.33843937],
       [-0.2486101 ],
       [ 1.74706437]]), array([[ 0.37003222],
       [-0.2851033 ],
       [ 1.75056891]]), array([[ 0.39857446],
       [-0.31740942],
       [ 1.74840616]]), array([[ 0.42339883],
       [-0.34293566],
       [ 1.73570875]]), array([[ 0.43977716],
       [-0.36111791],
       [ 1.70951549]]), array([[ 0.443588  ],
       [-0.37508069],
       [ 1.67010126]]), array([[ 0.43294008],
       [-0.38397442],
       [ 1.61284795]]), array([[ 0.41027273],
       [-0.3916355 ],
       [ 1.55126986]]), array([[ 0.37912129],
       [-0.39665795],
       [ 1.49167558]]), array([[ 0.34652546],
       [-0.4014337 ],
       [ 1.43691574]]), array([[ 0.31709283],
       [-0.40811538],
       [ 1.39184429]]), array([[ 0.29591789],
       [-0.4156636 ],
       [ 1.35994369]]), array([[ 0.27669676],
       [-0.41547167],
       [ 1.33255561]]), array([[ 0.25733594],
       [-0.40920415],
       [ 1.31264992]]), array([[ 0.23955697],
       [-0.39858233],
       [ 1.29574334]]), array([[ 0.21806888],
       [-0.3891326 ],
       [ 1.27020221]]), array([[ 0.19187309],
       [-0.38343568],
       [ 1.22866938]]), array([[ 0.16463574],
       [-0.38458623],
       [ 1.18025724]]), array([[ 0.13876295],
       [-0.39163913],
       [ 1.12689245]]), array([[-0.18226005],
       [-0.27595353],
       [ 0.78280089]])]