[array([[ 0.16366059],
       [-0.34182258],
       [ 0.08428208]]), array([[ 0.18991336],
       [-0.33831413],
       [ 0.08856013]]), array([[ 0.22102906],
       [-0.33137358],
       [ 0.09420093]]), array([[ 0.25132482],
       [-0.3225183 ],
       [ 0.09786684]]), array([[ 0.2757241 ],
       [-0.31574403],
       [ 0.09632194]]), array([[ 0.28938858],
       [-0.31268153],
       [ 0.09462693]]), array([[ 0.2907183 ],
       [-0.31061338],
       [ 0.09726431]]), array([[ 0.28539515],
       [-0.30710345],
       [ 0.1018267 ]]), array([[ 0.27815806],
       [-0.30182899],
       [ 0.10429305]]), array([[ 0.26509567],
       [-0.29549483],
       [ 0.10311912]]), array([[ 0.25316398],
       [-0.28893854],
       [ 0.09985735]]), array([[ 0.24574209],
       [-0.28204381],
       [ 0.09726233]]), array([[ 0.24536211],
       [-0.27524729],
       [ 0.09884742]]), array([[ 0.24596938],
       [-0.27068024],
       [ 0.10081612]]), array([[ 0.24091152],
       [-0.27061499],
       [ 0.10123181]]), array([[ 0.22908677],
       [-0.27687634],
       [ 0.09834747]]), array([[ 0.21384728],
       [-0.28638167],
       [ 0.09336421]]), array([[ 0.19795097],
       [-0.2975741 ],
       [ 0.09184978]]), array([[ 0.18770549],
       [-0.30765917],
       [ 0.092191  ]]), array([[ 0.18743133],
       [-0.31554329],
       [ 0.09135279]]), array([[ 0.19504799],
       [-0.32176269],
       [ 0.08967807]]), array([[ 0.2023734 ],
       [-0.32704852],
       [ 0.08751487]]), array([[ 0.20747249],
       [-0.33122475],
       [ 0.0847257 ]]), array([[ 0.20893169],
       [-0.33475382],
       [ 0.08239884]]), array([[ 0.20769919],
       [-0.33735519],
       [ 0.08104262]]), array([[ 0.20695039],
       [-0.33889835],
       [ 0.08025031]]), array([[ 0.20790785],
       [-0.34080026],
       [ 0.07980655]]), array([[ 0.21050982],
       [-0.34276827],
       [ 0.08014223]]), array([[ 0.22107569],
       [-0.34254277],
       [ 0.0835652 ]]), array([[ 0.23722689],
       [-0.34156718],
       [ 0.08447942]]), array([[ 0.2595598 ],
       [-0.33966704],
       [ 0.0829286 ]]), array([[ 0.2813806 ],
       [-0.33981647],
       [ 0.08212125]]), array([[ 0.30088696],
       [-0.33897121],
       [ 0.0830739 ]]), array([[ 0.31911035],
       [-0.33512225],
       [ 0.08719136]]), array([[ 0.33458491],
       [-0.32671472],
       [ 0.09233836]]), array([[ 0.347654  ],
       [-0.31576371],
       [ 0.09496427]]), array([[ 0.35520028],
       [-0.30417445],
       [ 0.09448827]]), array([[ 0.35606105],
       [-0.2916944 ],
       [ 0.0902147 ]]), array([[ 0.34993111],
       [-0.27902534],
       [ 0.08753368]]), array([[ 0.34125714],
       [-0.26780022],
       [ 0.08355417]]), array([[ 0.33295477],
       [-0.25783346],
       [ 0.07902655]]), array([[ 0.32479967],
       [-0.25512056],
       [ 0.07499851]]), array([[ 0.31453229],
       [-0.24047219],
       [ 0.07470214]]), array([[ 0.2968382 ],
       [-0.20773803],
       [ 0.07647381]]), array([[ 0.28300302],
       [-0.17495267],
       [ 0.07700983]]), array([[ 0.28159362],
       [-0.1534349 ],
       [ 0.07688782]]), array([[ 0.29000933],
       [-0.14250104],
       [ 0.07737166]]), array([[ 0.30444608],
       [-0.13877096],
       [ 0.07825432]]), array([[ 0.31996109],
       [-0.13818522],
       [ 0.07886541]]), array([[ 0.33136347],
       [-0.14295956],
       [ 0.07968677]]), array([[ 0.33777055],
       [-0.15142547],
       [ 0.08060651]]), array([[ 0.33873476],
       [-0.15600226],
       [ 0.08199733]]), array([[ 0.3296759 ],
       [-0.15589458],
       [ 0.08457094]]), array([[ 0.31080978],
       [-0.15553593],
       [ 0.08802078]]), array([[ 0.21404515],
       [-0.13620467],
       [ 0.11804226]]), array([[ 0.19062828],
       [-0.14560087],
       [ 0.10976359]]), array([[ 0.16852119],
       [-0.16083338],
       [ 0.09865422]]), array([[ 0.14470642],
       [-0.17487198],
       [ 0.08772256]]), array([[ 0.11506954],
       [-0.1850961 ],
       [ 0.07842974]]), array([[ 0.08156357],
       [-0.19631875],
       [ 0.07243868]]), array([[ 0.05494035],
       [-0.21503961],
       [ 0.06515635]]), array([[ 0.03673473],
       [-0.24033113],
       [ 0.05587825]]), array([[ 0.01394974],
       [-0.26212663],
       [ 0.04651987]]), array([[-0.03430781],
       [-0.26414171],
       [ 0.03558317]]), array([[-0.09030101],
       [-0.25164012],
       [ 0.01851074]]), array([[-0.13500324],
       [-0.23814226],
       [ 0.00148572]]), array([[-0.1770885 ],
       [-0.21999863],
       [-0.01227026]]), array([[-0.21476871],
       [-0.20022113],
       [-0.02284504]]), array([[-0.24276813],
       [-0.18040997],
       [-0.03142802]]), array([[-0.26149838],
       [-0.16156939],
       [-0.03861777]]), array([[-0.27452791],
       [-0.14490488],
       [-0.04451506]]), array([[-0.2820174 ],
       [-0.12779684],
       [-0.0450282 ]]), array([[-0.28788757],
       [-0.10942521],
       [-0.04147151]]), array([[-0.29310281],
       [-0.08716848],
       [-0.03676164]]), array([[-0.29996697],
       [-0.06342745],
       [-0.03111794]]), array([[-0.30626072],
       [-0.04391157],
       [-0.02343777]]), array([[-0.31035221],
       [-0.03100268],
       [-0.00884332]]), array([[-0.30856112],
       [-0.02526591],
       [ 0.00493241]]), array([[-0.30539487],
       [-0.02262947],
       [ 0.01585964]]), array([[-0.30048156],
       [-0.02065427],
       [ 0.02606932]]), array([[-0.29663376],
       [-0.01817807],
       [ 0.03392625]]), array([[-0.2930771 ],
       [-0.01461095],
       [ 0.03981118]]), array([[-0.28640098],
       [-0.01112163],
       [ 0.03898329]]), array([[-0.27850446],
       [-0.00948746],
       [ 0.03442747]]), array([[-0.27215057],
       [-0.00937273],
       [ 0.02753287]]), array([[-0.26316448],
       [-0.00872946],
       [ 0.02131289]]), array([[-0.25171163],
       [-0.01183261],
       [ 0.01473526]]), array([[-0.23879684],
       [-0.01678002],
       [ 0.00569038]]), array([[-0.22449737],
       [-0.02424726],
       [-0.00626976]]), array([[-0.21112667],
       [-0.03131959],
       [-0.02063936]]), array([[-0.00216257],
       [-0.37067055],
       [-0.00197257]]), array([[ 0.00241605],
       [-0.35546661],
       [-0.01775407]]), array([[ 0.0009786 ],
       [-0.34508638],
       [-0.03071012]]), array([[-0.001785  ],
       [-0.3372147 ],
       [-0.04218991]]), array([[-0.00454896],
       [-0.33168857],
       [-0.05353336]]), array([[-0.00604873],
       [-0.32631046],
       [-0.0657732 ]]), array([[-0.00848725],
       [-0.31850874],
       [-0.07948498]]), array([[-0.01312052],
       [-0.30538305],
       [-0.09063425]]), array([[-0.02307797],
       [-0.29056636],
       [-0.09946083]]), array([[-0.03835079],
       [-0.27788694],
       [-0.10655581]]), array([[-0.05003019],
       [-0.2678107 ],
       [-0.11065644]]), array([[-0.05615236],
       [-0.25212675],
       [-0.10769462]]), array([[-0.06638187],
       [-0.240671  ],
       [-0.10398908]]), array([[-0.07993514],
       [-0.22881328],
       [-0.10313431]]), array([[-0.07590146],
       [-0.2235385 ],
       [-0.10133434]]), array([[-0.03677038],
       [-0.22125735],
       [-0.08534707]]), array([[ 0.03370174],
       [-0.21978488],
       [-0.06486454]]), array([[ 0.13303714],
       [-0.22655555],
       [-0.0477027 ]]), array([[ 0.24846063],
       [-0.25443541],
       [-0.02532514]]), array([[ 0.34595795],
       [-0.29609821],
       [ 0.01533253]]), array([[ 0.40035734],
       [-0.32976594],
       [ 0.07204506]]), array([[ 0.41638863],
       [-0.34657045],
       [ 0.12729085]]), array([[ 0.40411833],
       [-0.35176333],
       [ 0.17396693]]), array([[ 0.38396077],
       [-0.34880933],
       [ 0.21592754]]), array([[ 0.36865735],
       [-0.33727118],
       [ 0.26697077]]), array([[ 0.36726255],
       [-0.31107981],
       [ 0.33299735]]), array([[ 0.38510536],
       [-0.264459  ],
       [ 0.4070259 ]]), array([[ 0.41874812],
       [-0.20143538],
       [ 0.48259712]]), array([[ 0.46729816],
       [-0.14339586],
       [ 0.54392868]]), array([[ 0.50842982],
       [-0.097914  ],
       [ 0.5902611 ]]), array([[ 0.53340634],
       [-0.07516904],
       [ 0.622801  ]]), array([[ 0.54970246],
       [-0.06410622],
       [ 0.66553839]]), array([[ 0.5572995 ],
       [-0.05311005],
       [ 0.73373324]]), array([[ 0.54810487],
       [-0.04273811],
       [ 0.8363055 ]]), array([[ 0.51558536],
       [-0.03937848],
       [ 0.95082131]]), array([[ 0.46504781],
       [-0.02845013],
       [ 1.08514031]]), array([[0.40335807],
       [0.00978192],
       [1.23619076]]), array([[0.3480777 ],
       [0.07440095],
       [1.3715384 ]]), array([[0.32532252],
       [0.09538701],
       [1.46817292]]), array([[0.32086601],
       [0.08834045],
       [1.5300256 ]]), array([[0.33041614],
       [0.07670752],
       [1.56522132]]), array([[0.51667595],
       [0.16690344],
       [1.47384415]])]